Date	Max. air temperature oC      Sutton Bonington       	Min. air temperature oC      Sutton Bonington       	Solar radiation      W m-2   Sutton Bonington   TRS1	Vapour pressure      kPa     Sutton Bonington   TRS1	Wind speed           m s-1   Sutton Bonington   TRS1	
198701011200	9.20000E+00	5.10000E+00	6.94446E+00	8.80000E-01	3.29216E+00	
198701021200	6.10000E+00	4.50000E+00	1.04167E+01	8.20000E-01	2.72632E+00	
198701031200	6.10000E+00	-2.80000E+00	4.39816E+01	5.00000E-01	4.16664E+00	
198701041200	1.05000E+01	-2.70000E+00	1.15741E+01	8.10000E-01	2.98352E+00	
198701051200	7.20000E+00	4.10000E+00	3.58797E+01	6.90000E-01	4.52672E+00	
198701061200	4.90000E+00	2.70000E+00	4.05094E+01	5.10000E-01	2.67488E+00	
198701071200	4.40000E+00	-7.00000E-01	3.70371E+01	5.80000E-01	1.02880E+00	
198701081200	2.60000E+00	-4.40000E+00	4.16668E+01	4.20000E-01	9.25920E-01	
198701091200	1.10000E+00	-3.50000E+00	1.62037E+01	5.50000E-01	2.05760E+00	
198701101200	-4.00000E-01	-9.00000E-01	1.15741E+01	4.80000E-01	3.44648E+00	
198701111200	-3.40000E+00	-5.80000E+00	4.62964E+01	3.70000E-01	3.18928E+00	
198701121200	-4.80000E+00	-8.20000E+00	4.05094E+01	3.20000E-01	1.38888E+00	
198701131200	-4.00000E+00	-1.39000E+01	2.31482E+01	4.00000E-01	4.78392E+00	
198701141200	-4.00000E-01	-7.80000E+00	1.96760E+01	3.90000E-01	7.97320E+00	
198701151200	9.00000E-01	-4.60000E+00	9.25928E+00	5.60000E-01	5.40120E+00	
198701161200	1.10000E+00	-8.00000E-01	1.50463E+01	5.60000E-01	1.90328E+00	
198701171200	-1.10000E+00	-3.10000E+00	1.27315E+01	4.60000E-01	1.38888E+00	
198701181200	-2.00000E+00	-3.70000E+00	1.50463E+01	4.50000E-01	2.16048E+00	
198701191200	1.80000E+00	-3.40000E+00	1.73612E+01	4.80000E-01	1.95472E+00	
198701201200	3.90000E+00	-2.60000E+00	1.96760E+01	6.60000E-01	4.62960E-01	
198701211200	5.30000E+00	1.60000E+00	1.15741E+01	7.50000E-01	7.20160E-01	
198701221200	8.10000E+00	2.90000E+00	2.89353E+01	8.20000E-01	3.60080E-01	
198701231200	7.60000E+00	-1.10000E+00	2.54630E+01	7.40000E-01	1.28600E+00	
198701241200	6.60000E+00	2.60000E+00	1.04167E+01	8.70000E-01	7.71600E-01	
198701251200	5.50000E+00	9.00000E-01	9.25928E+00	7.80000E-01	1.13168E+00	
198701261200	5.10000E+00	2.10000E+00	1.38889E+01	7.00000E-01	6.68720E-01	
198701271200	2.40000E+00	4.00000E-01	8.10187E+00	6.30000E-01	6.17280E-01	
198701281200	4.20000E+00	6.00000E-01	3.58797E+01	5.10000E-01	1.08024E+00	
198701291200	4.40000E+00	-1.50000E+00	6.82872E+01	5.80000E-01	1.02880E+00	
198701301200	1.20000E+00	-6.00000E+00	7.65048E+01	4.60000E-01	8.23040E-01	
198701311200	2.80000E+00	-9.80000E+00	6.49307E+01	3.30000E-01	6.17280E-01	
198702011200	3.90000E+00	-7.10000E+00	6.25001E+01	4.10000E-01	2.00616E+00	
198702021200	4.40000E+00	-3.50000E+00	9.25928E+00	7.10000E-01	1.28600E+00	
198702031200	7.80000E+00	2.60000E+00	2.89353E+01	7.70000E-01	8.23040E-01	
198702041200	8.20000E+00	1.90000E+00	3.70371E+01	7.60000E-01	3.13784E+00	
198702051200	1.21000E+01	3.70000E+00	3.70371E+01	8.70000E-01	5.91560E+00	
198702061200	1.09000E+01	8.00000E+00	5.67131E+01	9.70000E-01	3.18928E+00	
198702071200	9.90000E+00	3.90000E+00	5.32409E+01	7.50000E-01	2.88064E+00	
198702081200	1.15000E+01	4.80000E+00	2.89353E+01	1.11000E+00	2.10904E+00	
198702091200	1.09000E+01	4.70000E+00	2.77778E+01	1.10000E+00	5.29832E+00	
198702101200	7.90000E+00	4.70000E+00	5.78705E+01	8.00000E-01	3.60080E+00	
198702111200	5.60000E+00	2.00000E+00	2.89353E+01	7.30000E-01	9.77360E-01	
198702121200	5.40000E+00	1.60000E+00	3.35649E+01	7.30000E-01	1.13168E+00	
198702131200	5.50000E+00	-1.10000E+00	4.05094E+01	5.70000E-01	1.74896E+00	
198702141200	4.70000E+00	1.40000E+00	3.58797E+01	6.50000E-01	1.08024E+00	
198702151200	4.40000E+00	-2.40000E+00	7.53474E+01	5.60000E-01	1.28600E+00	
198702161200	2.80000E+00	-8.00000E-01	4.86112E+01	5.80000E-01	2.36624E+00	
198702171200	3.70000E+00	-7.00000E-01	7.40742E+01	5.20000E-01	2.98352E+00	
198702181200	4.20000E+00	-1.30000E+00	8.69215E+01	5.50000E-01	1.74896E+00	
198702191200	9.00000E-01	-4.80000E+00	1.08912E+02	4.80000E-01	1.18312E+00	
198702201200	3.60000E+00	-4.00000E+00	1.12385E+02	5.40000E-01	4.16664E+00	
198702211200	5.90000E+00	-8.00000E-01	4.86112E+01	6.40000E-01	2.77776E+00	
198702221200	7.60000E+00	2.40000E+00	4.39816E+01	6.60000E-01	1.64608E+00	
198702231200	3.20000E+00	2.00000E+00	2.31482E+01	6.10000E-01	1.33744E+00	
198702241200	3.80000E+00	-7.00000E-01	6.71298E+01	5.30000E-01	2.21192E+00	
198702251200	4.40000E+00	-4.30000E+00	1.05440E+02	4.60000E-01	2.00616E+00	
198702261200	1.03000E+01	-1.40000E+00	2.31482E+01	4.90000E-01	4.11520E+00	
198702271200	1.38000E+01	2.10000E+00	7.29168E+01	1.09000E+00	3.03496E+00	
198702281200	1.28000E+01	8.00000E+00	5.20835E+01	1.05000E+00	2.88064E+00	
198703011200	1.23000E+01	5.20000E+00	2.77778E+01	1.12000E+00	2.82920E+00	
198703021200	8.90000E+00	6.70000E+00	8.44909E+01	7.90000E-01	4.93824E+00	
198703031200	2.40000E+00	3.00000E-01	6.25001E+01	5.50000E-01	3.13784E+00	
198703041200	5.20000E+00	-2.80000E+00	5.55557E+01	5.20000E-01	1.13168E+00	
198703051200	7.40000E+00	-1.60000E+00	5.67131E+01	6.90000E-01	2.57200E+00	
198703061200	1.60000E+00	5.00000E-01	1.85186E+01	6.30000E-01	3.75512E+00	
198703071200	2.40000E+00	-3.00000E-01	2.89353E+01	5.20000E-01	3.90944E+00	
198703081200	3.80000E+00	-4.00000E-01	6.94446E+01	5.50000E-01	3.13784E+00	
198703091200	3.20000E+00	-2.10000E+00	6.71298E+01	5.00000E-01	3.34360E+00	
198703101200	5.10000E+00	-2.80000E+00	9.27085E+01	5.30000E-01	2.77776E+00	
198703111200	5.50000E+00	-3.30000E+00	1.47107E+02	5.70000E-01	2.36624E+00	
198703121200	5.10000E+00	-5.90000E+00	1.36690E+02	5.20000E-01	9.25920E-01	
198703131200	4.50000E+00	-2.10000E+00	6.82872E+01	4.80000E-01	1.49176E+00	
198703141200	6.40000E+00	-4.10000E+00	1.28588E+02	5.00000E-01	1.90328E+00	
198703151200	8.50000E+00	5.00000E-01	7.18752E+01	6.70000E-01	2.52056E+00	
198703161200	8.30000E+00	3.00000E-01	1.20486E+02	5.80000E-01	3.39504E+00	
198703171200	1.26000E+01	3.60000E+00	8.44909E+01	8.80000E-01	5.09256E+00	
198703181200	7.10000E+00	1.40000E+00	1.29746E+02	5.10000E-01	1.69752E+00	
198703191200	6.20000E+00	-3.30000E+00	1.42477E+02	4.40000E-01	2.82920E+00	
198703201200	5.90000E+00	2.00000E-01	1.19329E+02	5.70000E-01	1.85184E+00	
198703211200	6.80000E+00	-2.50000E+00	1.17014E+02	6.10000E-01	1.64608E+00	
198703221200	9.10000E+00	-1.10000E+00	1.21528E+01	6.70000E-01	3.18928E+00	
198703231200	1.20000E+01	4.10000E+00	5.78705E+01	1.02000E+00	2.57200E+00	
198703241200	9.80000E+00	4.90000E+00	2.66204E+01	8.80000E-01	2.21192E+00	
198703251200	8.70000E+00	5.40000E+00	6.36576E+01	9.40000E-01	3.75512E+00	
198703261200	1.22000E+01	2.50000E+00	9.02780E+01	9.90000E-01	7.15016E+00	
198703271200	1.09000E+01	4.80000E+00	6.82872E+01	1.13000E+00	9.41352E+00	
198703281200	9.00000E+00	4.20000E+00	8.34493E+01	7.90000E-01	2.93208E+00	
198703291200	8.80000E+00	-3.00000E-01	1.94561E+02	5.80000E-01	4.42384E+00	
198703301200	1.11000E+01	2.20000E+00	1.05440E+02	7.80000E-01	2.36624E+00	
198703311200	1.19000E+01	5.20000E+00	8.69215E+01	8.80000E-01	3.75512E+00	
198704011200	9.40000E+00	7.90000E+00	2.77778E+01	1.06000E+00	1.80040E+00	
198704021200	9.40000E+00	2.60000E+00	5.78705E+01	6.90000E-01	3.18928E+00	
198704031200	9.50000E+00	2.50000E+00	7.07178E+01	8.00000E-01	5.40120E+00	
198704041200	7.90000E+00	6.40000E+00	2.66204E+01	8.80000E-01	4.93824E+00	
198704051200	1.28000E+01	5.10000E+00	8.22919E+01	8.20000E-01	2.16048E+00	
198704061200	1.31000E+01	4.50000E+00	6.71298E+01	9.60000E-01	1.95472E+00	
198704071200	1.07000E+01	4.20000E+00	2.66204E+01	9.70000E-01	3.29216E+00	
198704081200	1.27000E+01	5.80000E+00	7.07178E+01	9.70000E-01	3.29216E+00	
198704091200	1.31000E+01	5.90000E+00	7.18752E+01	9.40000E-01	2.77776E+00	
198704101200	1.18000E+01	1.40000E+00	7.07178E+01	6.80000E-01	5.09256E+00	
198704111200	9.10000E+00	3.40000E+00	6.71298E+01	8.60000E-01	4.01232E+00	
198704121200	1.18000E+01	1.90000E+00	6.49307E+01	8.40000E-01	2.00616E+00	
198704131200	1.27000E+01	4.90000E+00	5.32409E+01	8.70000E-01	1.95472E+00	
198704141200	1.56000E+01	6.60000E+00	9.27085E+01	1.03000E+00	1.28600E+00	
198704151200	1.52000E+01	5.70000E+00	8.80789E+01	1.10000E+00	1.33744E+00	
198704161200	1.64000E+01	3.60000E+00	1.42477E+02	1.04000E+00	1.18312E+00	
198704171200	2.03000E+01	4.80000E+00	8.22919E+01	1.04000E+00	1.74896E+00	
198704181200	1.84000E+01	7.40000E+00	8.57641E+01	1.26000E+00	3.44648E+00	
198704191200	1.62000E+01	1.13000E+01	2.74538E+02	1.29000E+00	5.24688E+00	
198704201200	1.62000E+01	7.60000E+00	1.56366E+02	9.40000E-01	2.88064E+00	
198704211200	1.46000E+01	6.00000E+00	8.34493E+01	1.01000E+00	1.44032E+00	
198704221200	1.48000E+01	9.10000E+00	1.04283E+02	1.11000E+00	1.59464E+00	
198704231200	1.91000E+01	2.70000E+00	2.40973E+02	1.07000E+00	1.08024E+00	
198704241200	1.97000E+01	3.80000E+00	2.10880E+02	1.08000E+00	2.57200E+00	
198704251200	1.97000E+01	3.60000E+00	1.63311E+02	1.04000E+00	3.85800E+00	
198704261200	1.84000E+01	5.90000E+00	2.06135E+02	1.00000E+00	9.25920E-01	
198704271200	1.96000E+01	5.30000E+00	1.72570E+02	1.22000E+00	9.25920E-01	
198704281200	2.07000E+01	2.70000E+00	2.56019E+02	1.16000E+00	1.85184E+00	
198704291200	2.06000E+01	7.30000E+00	1.54051E+02	1.28000E+00	1.74896E+00	
198704301200	1.76000E+01	9.60000E+00	1.29746E+02	1.31000E+00	3.49792E+00	
198705011200	1.14000E+01	9.60000E+00	1.01968E+02	1.01000E+00	3.08640E+00	
198705021200	1.15000E+01	2.70000E+00	2.02663E+02	7.30000E-01	4.01232E+00	
198705031200	1.02000E+01	2.10000E+00	1.54051E+02	9.50000E-01	3.29216E+00	
198705041200	1.37000E+01	1.20000E+00	2.45602E+02	1.06000E+00	2.26336E+00	
198705051200	1.56000E+01	8.40000E+00	2.00348E+02	1.01000E+00	1.64608E+00	
198705061200	1.61000E+01	4.30000E+00	1.80672E+02	1.02000E+00	1.02880E+00	
198705071200	1.86000E+01	7.40000E+00	2.79167E+02	9.60000E-01	1.02880E+00	
198705081200	2.04000E+01	3.40000E+00	2.75695E+02	1.11000E+00	1.44032E+00	
198705091200	1.91000E+01	4.60000E+00	2.71065E+02	1.23000E+00	2.16048E+00	
198705101200	1.37000E+01	3.40000E+00	1.59838E+02	1.07000E+00	2.36624E+00	
198705111200	1.55000E+01	5.30000E+00	1.17014E+02	1.07000E+00	2.77776E+00	
198705121200	1.12000E+01	7.30000E+00	9.61808E+01	9.50000E-01	2.00616E+00	
198705131200	1.29000E+01	2.40000E+00	2.13079E+02	6.20000E-01	2.88064E+00	
198705141200	1.24000E+01	6.10000E+00	1.26273E+02	9.00000E-01	2.88064E+00	
198705151200	1.11000E+01	4.20000E+00	1.71412E+02	7.30000E-01	1.64608E+00	
198705161200	1.23000E+01	3.00000E+00	2.00348E+02	8.40000E-01	1.49176E+00	
198705171200	1.04000E+01	2.40000E+00	6.49307E+01	1.05000E+00	2.41768E+00	
198705181200	1.04000E+01	7.60000E+00	3.58797E+01	1.02000E+00	2.62344E+00	
198705191200	1.47000E+01	-3.00000E-01	1.21644E+02	1.00000E+00	1.74896E+00	
198705201200	1.29000E+01	2.70000E+00	2.31714E+02	7.10000E-01	2.72632E+00	
198705211200	1.22000E+01	7.80000E+00	9.27085E+01	1.01000E+00	3.54936E+00	
198705221200	1.24000E+01	5.40000E+00	1.12385E+02	8.70000E-01	4.68104E+00	
198705231200	1.19000E+01	7.10000E+00	8.11344E+01	1.06000E+00	4.57816E+00	
198705241200	1.36000E+01	6.10000E+00	1.87616E+02	8.70000E-01	4.21808E+00	
198705251200	1.61000E+01	5.80000E+00	1.33218E+02	9.40000E-01	2.16048E+00	
198705261200	1.76000E+01	6.60000E+00	1.92246E+02	9.90000E-01	3.39504E+00	
198705271200	1.84000E+01	6.20000E+00	2.80325E+02	9.60000E-01	1.49176E+00	
198705281200	1.57000E+01	6.30000E+00	7.98613E+01	1.12000E+00	1.85184E+00	
198705291200	1.67000E+01	7.60000E+00	2.36343E+02	8.80000E-01	3.44648E+00	
198705301200	1.53000E+01	1.24000E+01	1.45949E+02	1.18000E+00	2.77776E+00	
198705311200	2.00000E+01	8.00000E+00	2.87269E+02	1.26000E+00	2.77776E+00	
198706011200	1.84000E+01	1.20000E+01	1.65625E+02	1.18000E+00	1.95472E+00	
198706021200	1.56000E+01	1.08000E+01	6.49307E+01	1.35000E+00	2.41768E+00	
198706031200	1.79000E+01	1.08000E+01	4.51390E+01	1.40000E+00	2.46912E+00	
198706041200	1.37000E+01	1.01000E+01	9.84956E+01	1.10000E+00	1.38888E+00	
198706051200	1.47000E+01	2.40000E+00	1.07755E+02	9.70000E-01	4.37240E+00	
198706061200	1.65000E+01	1.08000E+01	2.35070E+02	1.06000E+00	6.43000E+00	
198706071200	1.38000E+01	9.80000E+00	1.26273E+02	1.03000E+00	2.26336E+00	
198706081200	1.36000E+01	9.10000E+00	7.76622E+01	1.11000E+00	9.77360E-01	
198706091200	1.19000E+01	7.90000E+00	8.92363E+01	1.11000E+00	8.74480E-01	
198706101200	1.49000E+01	4.10000E+00	1.93403E+02	1.08000E+00	1.08024E+00	
198706111200	1.32000E+01	8.20000E+00	1.04283E+02	1.20000E+00	1.02880E+00	
198706121200	1.53000E+01	8.40000E+00	2.00348E+02	1.13000E+00	1.64608E+00	
198706131200	1.49000E+01	4.50000E+00	1.91088E+02	9.10000E-01	1.28600E+00	
198706141200	1.39000E+01	4.60000E+00	1.27431E+02	1.07000E+00	1.69752E+00	
198706151200	1.39000E+01	8.40000E+00	1.25116E+02	1.12000E+00	1.80040E+00	
198706161200	1.49000E+01	1.40000E+00	2.03820E+02	1.05000E+00	1.02880E+00	
198706171200	1.57000E+01	6.80000E+00	1.55209E+02	1.15000E+00	1.23456E+00	
198706181200	1.67000E+01	6.30000E+00	2.20139E+02	1.02000E+00	4.83536E+00	
198706191200	1.47000E+01	9.80000E+00	9.73382E+01	1.14000E+00	8.23040E-01	
198706201200	1.89000E+01	3.70000E+00	2.95371E+02	1.13000E+00	1.69752E+00	
198706211200	1.78000E+01	6.20000E+00	2.43288E+02	9.80000E-01	1.74896E+00	
198706221200	1.73000E+01	9.40000E+00	1.17014E+02	1.34000E+00	1.49176E+00	
198706231200	1.72000E+01	5.10000E+00	1.40162E+02	1.34000E+00	1.95472E+00	
198706241200	1.74000E+01	1.21000E+01	1.06598E+02	1.18000E+00	1.08024E+00	
198706251200	1.67000E+01	9.20000E+00	9.96530E+01	1.27000E+00	2.31480E+00	
198706261200	1.72000E+01	1.04000E+01	7.98613E+01	1.27000E+00	1.54320E+00	
198706271200	2.19000E+01	1.11000E+01	1.55209E+02	1.71000E+00	2.52056E+00	
198706281200	2.34000E+01	1.66000E+01	1.44792E+02	2.06000E+00	2.88064E+00	
198706291200	2.60000E+01	1.79000E+01	2.29283E+02	2.05000E+00	2.41768E+00	
198706301200	2.04000E+01	9.70000E+00	2.36343E+02	1.36000E+00	2.41768E+00	
198707011200	1.81000E+01	8.80000E+00	2.39815E+02	1.05000E+00	2.72632E+00	
198707021200	2.03000E+01	7.40000E+00	2.57177E+02	1.16000E+00	8.23040E-01	
198707031200	2.23000E+01	8.50000E+00	2.76852E+02	1.41000E+00	1.28600E+00	
198707041200	2.46000E+01	1.06000E+01	2.56019E+02	1.52000E+00	8.74480E-01	
198707051200	2.59000E+01	1.14000E+01	3.15047E+02	1.54000E+00	1.23456E+00	
198707061200	2.66000E+01	1.03000E+01	2.74538E+02	1.48000E+00	1.33744E+00	
198707071200	2.11000E+01	1.55000E+01	2.65278E+02	1.20000E+00	8.74480E-01	
198707081200	1.91000E+01	1.02000E+01	2.34028E+02	9.60000E-01	1.74896E+00	
198707091200	1.94000E+01	9.20000E+00	2.24653E+02	1.03000E+00	1.74896E+00	
198707101200	2.32000E+01	1.35000E+01	1.57524E+02	1.75000E+00	2.52056E+00	
198707111200	2.12000E+01	1.53000E+01	1.77200E+02	1.41000E+00	2.52056E+00	
198707121200	2.10000E+01	9.50000E+00	2.03820E+02	1.45000E+00	1.49176E+00	
198707131200	2.55000E+01	8.00000E+00	2.78010E+02	1.37000E+00	1.95472E+00	
198707141200	2.05000E+01	1.39000E+01	7.07178E+01	1.60000E+00	1.13168E+00	
198707151200	2.32000E+01	1.50000E+01	1.63311E+02	1.75000E+00	2.67488E+00	
198707161200	1.95000E+01	9.10000E+00	1.45949E+02	1.42000E+00	9.77360E-01	
198707171200	1.74000E+01	1.20000E+01	1.03125E+02	1.45000E+00	1.59464E+00	
198707181200	1.50000E+01	1.19000E+01	8.11344E+01	1.19000E+00	3.13784E+00	
198707191200	1.77000E+01	1.16000E+01	1.06598E+02	1.43000E+00	4.37240E+00	
198707201200	1.71000E+01	1.15000E+01	6.94446E+01	1.51000E+00	3.08640E+00	
198707211200	1.57000E+01	1.30000E+01	3.93519E+01	1.31000E+00	3.08640E+00	
198707221200	1.62000E+01	1.32000E+01	4.74538E+01	1.46000E+00	2.72632E+00	
198707231200	1.72000E+01	1.12000E+01	8.57641E+01	1.26000E+00	9.77360E-01	
198707241200	1.78000E+01	9.50000E+00	7.87039E+01	1.64000E+00	1.54320E+00	
198707251200	1.62000E+01	1.03000E+01	1.43635E+02	1.05000E+00	1.69752E+00	
198707261200	1.77000E+01	8.10000E+00	1.73727E+02	1.36000E+00	3.60080E+00	
198707271200	1.92000E+01	1.32000E+01	2.02663E+02	1.37000E+00	2.41768E+00	
198707281200	1.90000E+01	1.13000E+01	9.38659E+01	1.43000E+00	2.00616E+00	
198707291200	2.06000E+01	1.51000E+01	1.85301E+02	1.64000E+00	1.85184E+00	
198707301200	2.07000E+01	1.37000E+01	8.80789E+01	1.52000E+00	2.16048E+00	
198707311200	2.27000E+01	1.35000E+01	1.32061E+02	1.55000E+00	3.44648E+00	
198708011200	1.83000E+01	1.25000E+01	1.15857E+02	1.23000E+00	1.64608E+00	
198708021200	1.88000E+01	1.26000E+01	1.92246E+02	1.38000E+00	1.74896E+00	
198708031200	1.90000E+01	1.17000E+01	2.25926E+02	1.17000E+00	2.16048E+00	
198708041200	1.84000E+01	7.50000E+00	1.55209E+02	1.15000E+00	1.23456E+00	
198708051200	1.74000E+01	6.40000E+00	1.72570E+02	9.50000E-01	1.02880E+00	
198708061200	1.68000E+01	5.00000E+00	1.77200E+02	1.06000E+00	1.49176E+00	
198708071200	1.39000E+01	5.20000E+00	8.34493E+01	1.18000E+00	3.44648E+00	
198708081200	1.66000E+01	1.16000E+01	7.98613E+01	1.30000E+00	1.59464E+00	
198708091200	1.49000E+01	1.10000E+01	6.82872E+01	1.37000E+00	8.23040E-01	
198708101200	1.91000E+01	9.10000E+00	1.81829E+02	1.27000E+00	1.18312E+00	
198708111200	1.90000E+01	9.70000E+00	1.36690E+02	1.60000E+00	2.31480E+00	
198708121200	1.94000E+01	1.31000E+01	1.05440E+02	1.80000E+00	1.90328E+00	
198708131200	2.29000E+01	1.54000E+01	1.27431E+02	1.80000E+00	1.90328E+00	
198708141200	1.89000E+01	1.19000E+01	1.60996E+02	1.78000E+00	2.57200E+00	
198708151200	2.28000E+01	1.19000E+01	1.79514E+02	1.52000E+00	1.80040E+00	
198708161200	2.62000E+01	1.34000E+01	2.54862E+02	1.51000E+00	1.33744E+00	
198708171200	2.58000E+01	1.58000E+01	1.08912E+02	2.02000E+00	1.23456E+00	
198708181200	2.31000E+01	1.53000E+01	1.35533E+02	1.88000E+00	2.57200E+00	
198708191200	2.34000E+01	1.24000E+01	1.77200E+02	1.61000E+00	1.90328E+00	
198708201200	2.77000E+01	1.56000E+01	1.77200E+02	2.21000E+00	3.44648E+00	
198708211200	2.56000E+01	1.71000E+01	1.30903E+02	2.24000E+00	1.23456E+00	
198708221200	2.12000E+01	1.53000E+01	5.90279E+01	1.88000E+00	1.74896E+00	
198708231200	1.83000E+01	1.41000E+01	6.82872E+01	1.88000E+00	3.18928E+00	
198708241200	1.62000E+01	1.21000E+01	6.94446E+01	1.19000E+00	2.52056E+00	
198708251200	1.57000E+01	9.00000E+00	1.85186E+01	1.37000E+00	2.10904E+00	
198708261200	1.57000E+01	1.17000E+01	5.32409E+01	1.29000E+00	3.08640E+00	
198708271200	1.73000E+01	1.02000E+01	1.34375E+02	9.30000E-01	2.00616E+00	
198708281200	2.16000E+01	1.03000E+01	1.10070E+02	1.30000E+00	2.00616E+00	
198708291200	2.10000E+01	1.50000E+01	9.73382E+01	1.63000E+00	9.77360E-01	
198708301200	2.02000E+01	1.17000E+01	1.10070E+02	1.45000E+00	1.90328E+00	
198708311200	2.02000E+01	1.21000E+01	1.60996E+02	1.20000E+00	1.80040E+00	
198709011200	2.21000E+01	9.50000E+00	1.28588E+02	1.47000E+00	1.23456E+00	
198709021200	1.85000E+01	1.30000E+01	8.44909E+01	1.38000E+00	2.16048E+00	
198709031200	2.08000E+01	1.37000E+01	6.13427E+01	1.67000E+00	2.98352E+00	
198709041200	1.91000E+01	1.16000E+01	1.88774E+02	1.19000E+00	3.18928E+00	
198709051200	1.97000E+01	1.19000E+01	1.34375E+02	1.44000E+00	3.24072E+00	
198709061200	1.64000E+01	1.03000E+01	7.76622E+01	1.24000E+00	2.36624E+00	
198709071200	1.86000E+01	1.12000E+01	1.77200E+02	1.28000E+00	1.59464E+00	
198709081200	1.74000E+01	7.60000E+00	1.11227E+02	1.27000E+00	1.02880E+00	
198709091200	1.86000E+01	5.60000E+00	1.43635E+02	1.13000E+00	3.65224E+00	
198709101200	1.81000E+01	9.30000E+00	1.63311E+02	1.14000E+00	3.90944E+00	
198709111200	1.94000E+01	1.12000E+01	1.34375E+02	1.20000E+00	4.68104E+00	
198709121200	2.11000E+01	1.52000E+01	1.07755E+02	1.54000E+00	3.24072E+00	
198709131200	2.11000E+01	9.30000E+00	1.93403E+02	1.16000E+00	2.93208E+00	
198709141200	1.90000E+01	9.40000E+00	1.79514E+02	1.22000E+00	4.01232E+00	
198709151200	1.84000E+01	8.80000E+00	1.70255E+02	1.20000E+00	2.62344E+00	
198709161200	1.83000E+01	1.27000E+01	7.98613E+01	1.28000E+00	1.49176E+00	
198709171200	1.86000E+01	1.34000E+01	6.82872E+01	1.82000E+00	1.49176E+00	
198709181200	1.83000E+01	9.20000E+00	1.47107E+02	1.22000E+00	1.13168E+00	
198709191200	1.72000E+01	5.00000E+00	2.43056E+01	1.17000E+00	2.16048E+00	
198709201200	2.11000E+01	1.15000E+01	1.11227E+02	1.82000E+00	1.59464E+00	
198709211200	2.16000E+01	1.63000E+01	1.12385E+02	1.68000E+00	3.70368E+00	
198709221200	1.84000E+01	1.14000E+01	1.69098E+02	1.13000E+00	3.39504E+00	
198709231200	1.78000E+01	1.21000E+01	8.92363E+01	1.35000E+00	3.08640E+00	
198709241200	1.52000E+01	9.40000E+00	1.25116E+02	1.13000E+00	2.05760E+00	
198709251200	1.46000E+01	5.40000E+00	1.34375E+02	9.40000E-01	1.54320E+00	
198709261200	1.27000E+01	2.10000E+00	9.02780E+01	8.60000E-01	1.18312E+00	
198709271200	1.38000E+01	5.00000E+00	1.28588E+02	8.40000E-01	8.23040E-01	
198709281200	1.28000E+01	6.30000E+00	8.11344E+01	9.50000E-01	5.65840E-01	
198709291200	1.45000E+01	2.20000E+00	1.33218E+02	8.60000E-01	1.23456E+00	
198709301200	1.50000E+01	2.10000E+00	8.11344E+01	1.06000E+00	1.18312E+00	
198710011200	1.17000E+01	5.60000E+00	3.54167E+01	1.21000E+00	2.82920E+00	
198710021200	1.64000E+01	2.70000E+00	1.34144E+02	1.02000E+00	2.57200E+00	
198710031200	1.70000E+01	6.30000E+00	7.69678E+01	1.25000E+00	3.03496E+00	
198710041200	1.67000E+01	9.00000E+00	1.12269E+02	1.29000E+00	1.02880E+00	
198710051200	1.51000E+01	8.20000E+00	3.66899E+01	1.35000E+00	2.88064E+00	
198710061200	1.69000E+01	9.90000E+00	3.26390E+01	1.46000E+00	3.29216E+00	
198710071200	1.27000E+01	1.17000E+01	7.18752E+01	1.24000E+00	3.80656E+00	
198710081200	1.66000E+01	6.30000E+00	4.50233E+01	1.12000E+00	4.73248E+00	
198710091200	1.16000E+01	8.40000E+00	4.54862E+01	8.00000E-01	2.77776E+00	
198710101200	1.36000E+01	5.40000E+00	3.37964E+01	1.18000E+00	1.64608E+00	
198710111200	7.90000E+00	6.50000E+00	2.99769E+01	9.10000E-01	2.00616E+00	
198710121200	1.20000E+01	4.00000E+00	1.11343E+02	8.40000E-01	1.74896E+00	
198710131200	1.34000E+01	4.70000E+00	9.50234E+01	1.02000E+00	3.13784E+00	
198710141200	1.23000E+01	5.10000E+00	7.26854E+01	1.03000E+00	2.57200E+00	
198710151200	1.17000E+01	5.40000E+00	7.78937E+01	8.70000E-01	3.44648E+00	
198710161200	1.21000E+01	7.70000E+00	3.46066E+01	1.06000E+00	4.01232E+00	
198710171200	1.29000E+01	6.60000E+00	8.59956E+01	9.20000E-01	4.16664E+00	
198710181200	1.42000E+01	6.80000E+00	1.11922E+02	9.80000E-01	4.73248E+00	
198710191200	1.64000E+01	1.00000E+01	4.68751E+01	1.04000E+00	2.16048E+00	
198710201200	1.66000E+01	1.24000E+01	3.81945E+01	1.39000E+00	1.64608E+00	
198710211200	1.34000E+01	1.00000E+01	2.50001E+01	1.26000E+00	3.44648E+00	
198710221200	1.45000E+01	1.09000E+01	8.11344E+01	1.19000E+00	8.23040E-01	
198710231200	1.21000E+01	5.20000E+00	1.01736E+02	8.80000E-01	5.14400E-01	
198710241200	1.02000E+01	-1.40000E+00	7.78937E+01	7.60000E-01	5.14400E-01	
198710251200	1.09000E+01	-8.00000E-01	9.61808E+01	7.70000E-01	1.69752E+00	
198710261200	1.16000E+01	-1.80000E+00	9.12039E+01	6.50000E-01	2.05760E+00	
198710271200	1.27000E+01	1.10000E+00	4.21297E+01	1.02000E+00	1.54320E+00	
198710281200	1.32000E+01	8.90000E+00	2.18751E+01	1.28000E+00	6.17280E-01	
198710291200	1.13000E+01	3.70000E+00	9.18984E+01	8.50000E-01	9.77360E-01	
198710301200	1.16000E+01	-2.40000E+00	6.44677E+01	7.50000E-01	1.28600E+00	
198710311200	1.09000E+01	2.40000E+00	2.07176E+01	9.10000E-01	6.17280E-01	
198711011200	1.16000E+01	7.70000E+00	3.63427E+01	1.15000E+00	8.23040E-01	
198711021200	1.06000E+01	5.40000E+00	1.99075E+01	1.04000E+00	4.11520E-01	
198711031200	9.70000E+00	1.10000E+00	1.94445E+01	1.00000E+00	2.21192E+00	
198711041200	1.01000E+01	6.10000E+00	1.90973E+01	9.80000E-01	2.10904E+00	
198711051200	9.10000E+00	7.70000E+00	1.87500E+01	8.80000E-01	1.38888E+00	
198711061200	8.00000E+00	5.90000E+00	2.39584E+01	8.60000E-01	1.08024E+00	
198711071200	5.00000E+00	4.20000E+00	1.80556E+01	7.70000E-01	9.77360E-01	
198711081200	6.60000E+00	2.90000E+00	1.77084E+01	7.60000E-01	2.00616E+00	
198711091200	7.80000E+00	3.90000E+00	1.73612E+01	8.50000E-01	9.25920E-01	
198711101200	8.30000E+00	3.00000E+00	1.70139E+01	8.40000E-01	2.10904E+00	
198711111200	1.13000E+01	4.10000E+00	1.67824E+01	9.20000E-01	3.85800E+00	
198711121200	7.90000E+00	4.40000E+00	5.40510E+01	6.90000E-01	6.01848E+00	
198711131200	9.90000E+00	4.00000E+00	4.67594E+01	7.00000E-01	2.88064E+00	
198711141200	1.01000E+01	3.60000E+00	5.83335E+01	7.80000E-01	2.72632E+00	
198711151200	1.19000E+01	3.10000E+00	1.55093E+01	9.40000E-01	3.70368E+00	
198711161200	1.27000E+01	6.60000E+00	4.40973E+01	9.50000E-01	4.83536E+00	
198711171200	1.06000E+01	7.90000E+00	1.57408E+01	8.40000E-01	2.52056E+00	
198711181200	1.20000E+01	7.40000E+00	1.46991E+01	1.12000E+00	4.16664E+00	
198711191200	9.70000E+00	9.40000E+00	1.44676E+01	9.70000E-01	3.54936E+00	
198711201200	1.07000E+01	6.10000E+00	4.90742E+01	8.50000E-01	2.72632E+00	
198711211200	9.10000E+00	3.30000E+00	1.40047E+01	8.90000E-01	2.82920E+00	
198711221200	7.60000E+00	6.90000E+00	1.57408E+01	9.20000E-01	2.52056E+00	
198711231200	6.70000E+00	2.10000E+00	1.55093E+01	5.90000E-01	3.49792E+00	
198711241200	7.70000E+00	3.20000E+00	1.90973E+01	8.60000E-01	4.01232E+00	
198711251200	6.70000E+00	4.40000E+00	2.46528E+01	7.60000E-01	3.54936E+00	
198711261200	5.80000E+00	3.70000E+00	1.86343E+01	6.90000E-01	2.00616E+00	
198711271200	6.30000E+00	-9.00000E-01	4.82640E+01	5.90000E-01	7.20160E-01	
198711281200	1.30000E+00	-3.80000E+00	1.26158E+01	4.50000E-01	6.68720E-01	
198711291200	5.10000E+00	-3.60000E+00	1.23843E+01	6.70000E-01	1.02880E+00	
198711301200	6.00000E+00	1.30000E+00	1.22686E+01	8.10000E-01	1.13168E+00	
198712011200	1.01000E+01	7.20000E+00	4.39816E+01	8.80000E-01	3.65224E+00	
198712021200	6.70000E+00	2.50000E+00	1.19213E+01	8.20000E-01	4.01232E+00	
198712031200	5.70000E+00	1.10000E+00	1.82871E+01	6.20000E-01	3.44648E+00	
198712041200	4.00000E+00	1.40000E+00	1.16898E+01	5.90000E-01	4.06376E+00	
198712051200	4.90000E+00	2.60000E+00	1.15741E+01	7.10000E-01	4.62960E+00	
198712061200	5.70000E+00	3.20000E+00	1.14584E+01	7.50000E-01	3.39504E+00	
198712071200	5.10000E+00	4.10000E+00	1.13426E+01	6.70000E-01	1.69752E+00	
198712081200	5.10000E+00	1.20000E+00	3.24075E+01	5.10000E-01	5.14400E-01	
198712091200	2.40000E+00	-5.10000E+00	1.51621E+01	4.70000E-01	3.60080E-01	
198712101200	3.70000E+00	-3.20000E+00	2.34954E+01	5.40000E-01	3.60080E-01	
198712111200	2.00000E+00	-5.50000E+00	1.09954E+01	4.70000E-01	7.20160E-01	
198712121200	3.70000E+00	-2.90000E+00	1.08797E+01	5.30000E-01	6.17280E-01	
198712131200	5.60000E+00	1.60000E+00	1.58565E+01	7.30000E-01	1.49176E+00	
198712141200	5.40000E+00	-1.40000E+00	2.24538E+01	7.10000E-01	2.57200E+00	
198712151200	1.80000E+00	-1.50000E+00	1.07639E+01	5.60000E-01	2.21192E+00	
198712161200	9.30000E+00	-8.00000E-01	1.07639E+01	5.70000E-01	2.62344E+00	
198712171200	1.23000E+01	3.00000E-01	1.62037E+01	1.16000E+00	4.21808E+00	
198712181200	1.37000E+01	8.00000E+00	1.06482E+01	1.12000E+00	3.24072E+00	
198712191200	1.17000E+01	9.80000E+00	1.06482E+01	1.17000E+00	3.85800E+00	
198712201200	1.09000E+01	5.70000E+00	1.22686E+01	9.20000E-01	3.08640E+00	
198712211200	1.24000E+01	8.00000E+00	1.12269E+01	1.07000E+00	2.46912E+00	
198712221200	1.17000E+01	8.60000E+00	1.89815E+01	9.10000E-01	1.38888E+00	
198712231200	7.60000E+00	2.00000E+00	3.43751E+01	7.90000E-01	1.59464E+00	
198712241200	4.60000E+00	1.00000E+00	1.06482E+01	6.80000E-01	3.24072E+00	
198712251200	9.60000E+00	9.00000E-01	1.07639E+01	7.80000E-01	3.65224E+00	
198712261200	9.70000E+00	9.00000E-01	4.07408E+01	8.90000E-01	4.21808E+00	
198712271200	1.21000E+01	6.30000E+00	1.25000E+01	9.80000E-01	4.62960E+00	
198712281200	1.30000E+01	9.40000E+00	1.08797E+01	1.27000E+00	5.96704E+00	
198712291200	1.40000E+01	1.07000E+01	1.09954E+01	1.21000E+00	4.57816E+00	
198712301200	1.43000E+01	1.19000E+01	1.15741E+01	1.35000E+00	4.16664E+00	
198712311200	1.18000E+01	6.70000E+00	1.11111E+01	8.90000E-01	5.34976E+00	
198801011200	1.34000E+01	6.00000E+00	9.25928E+00	9.20000E-01	5.34976E+00	
198801021200	9.70000E+00	7.90000E+00	1.73612E+01	1.06000E+00	6.37856E+00	
198801031200	9.00000E+00	5.40000E+00	3.35649E+01	7.40000E-01	5.04112E+00	
198801041200	8.00000E+00	4.30000E+00	1.85186E+01	7.20000E-01	4.01232E+00	
198801051200	8.80000E+00	3.30000E+00	2.08334E+01	8.20000E-01	2.93208E+00	
198801061200	6.60000E+00	4.60000E+00	8.10187E+00	8.40000E-01	4.52672E+00	
198801071200	6.90000E+00	3.40000E+00	4.62964E+01	6.60000E-01	2.16048E+00	
198801081200	1.23000E+01	-1.80000E+00	1.27315E+01	6.70000E-01	4.01232E+00	
198801091200	1.28000E+01	3.30000E+00	1.15741E+01	1.16000E+00	4.16664E+00	
198801101200	7.20000E+00	4.80000E+00	2.31482E+01	7.70000E-01	3.18928E+00	
198801111200	7.10000E+00	1.40000E+00	4.28242E+01	5.90000E-01	3.85800E+00	
198801121200	7.10000E+00	2.50000E+00	1.96760E+01	7.70000E-01	4.93824E+00	
198801131200	8.10000E+00	4.30000E+00	2.08334E+01	8.70000E-01	1.59464E+00	
198801141200	8.20000E+00	1.50000E+00	4.74538E+01	7.70000E-01	2.67488E+00	
198801151200	6.30000E+00	3.70000E+00	2.08334E+01	8.00000E-01	1.02880E+00	
198801161200	5.10000E+00	3.40000E+00	1.27315E+01	7.90000E-01	1.49176E+00	
198801171200	7.10000E+00	1.40000E+00	2.19908E+01	6.90000E-01	3.24072E+00	
198801181200	9.90000E+00	1.90000E+00	8.10187E+00	9.00000E-01	3.03496E+00	
198801191200	1.04000E+01	5.20000E+00	1.38889E+01	9.90000E-01	3.49792E+00	
198801201200	7.80000E+00	3.00000E+00	3.12501E+01	8.00000E-01	2.36624E+00	
198801211200	5.40000E+00	-5.00000E-01	4.28242E+01	6.40000E-01	2.77776E+00	
198801221200	2.90000E+00	0.00000E+00	4.62964E+01	6.30000E-01	2.16048E+00	
198801231200	9.60000E+00	-1.50000E+00	1.15741E+01	6.30000E-01	3.03496E+00	
198801241200	9.60000E+00	6.00000E-01	5.32409E+01	9.00000E-01	2.57200E+00	
198801251200	7.60000E+00	3.00000E+00	2.31482E+01	8.20000E-01	2.10904E+00	
198801261200	8.40000E+00	4.40000E+00	2.77778E+01	8.20000E-01	7.71600E-01	
198801271200	5.00000E+00	3.00000E-01	4.74538E+01	6.20000E-01	3.44648E+00	
198801281200	7.00000E+00	8.00000E-01	1.38889E+01	6.90000E-01	2.41768E+00	
198801291200	6.20000E+00	2.10000E+00	1.27315E+01	8.20000E-01	2.77776E+00	
198801301200	6.90000E+00	2.40000E+00	4.62964E+01	6.80000E-01	4.83536E+00	
198801311200	7.70000E+00	2.50000E+00	6.71298E+01	5.90000E-01	5.29832E+00	
198802011200	9.70000E+00	3.20000E+00	4.97686E+01	6.90000E-01	7.51024E+00	
198802021200	7.40000E+00	5.60000E+00	5.09260E+01	7.50000E-01	5.96704E+00	
198802031200	8.90000E+00	9.00000E-01	4.05094E+01	5.80000E-01	3.39504E+00	
198802041200	6.20000E+00	9.00000E-01	3.24075E+01	6.60000E-01	4.83536E+00	
198802051200	7.90000E+00	2.40000E+00	6.13427E+01	7.00000E-01	2.31480E+00	
198802061200	6.40000E+00	-1.70000E+00	7.18752E+01	5.50000E-01	3.13784E+00	
198802071200	5.50000E+00	2.00000E-01	6.03011E+01	5.60000E-01	5.09256E+00	
198802081200	8.60000E+00	4.00000E-01	6.13427E+01	5.40000E-01	5.40120E+00	
198802091200	7.60000E+00	2.30000E+00	6.03011E+01	5.10000E-01	9.67072E+00	
198802101200	6.60000E+00	2.00000E+00	5.45140E+01	5.00000E-01	4.73248E+00	
198802111200	6.20000E+00	2.00000E-01	9.15511E+01	5.90000E-01	2.88064E+00	
198802121200	5.70000E+00	-4.00000E-01	8.44909E+01	4.70000E-01	2.93208E+00	
198802131200	1.04000E+01	-8.00000E-01	1.96760E+01	7.70000E-01	4.37240E+00	
198802141200	1.06000E+01	5.40000E+00	3.93519E+01	1.13000E+00	2.26336E+00	
198802151200	1.29000E+01	1.70000E+00	8.92363E+01	7.80000E-01	2.41768E+00	
198802161200	7.60000E+00	1.90000E+00	8.57641E+01	6.70000E-01	2.46912E+00	
198802171200	9.60000E+00	2.10000E+00	1.01968E+02	7.00000E-01	2.46912E+00	
198802181200	9.30000E+00	4.50000E+00	1.38889E+01	7.70000E-01	2.67488E+00	
198802191200	1.07000E+01	4.90000E+00	9.27085E+01	8.80000E-01	1.69752E+00	
198802201200	9.10000E+00	5.00000E+00	4.51390E+01	8.80000E-01	1.13168E+00	
198802211200	8.90000E+00	5.30000E+00	4.51390E+01	7.60000E-01	1.08024E+00	
198802221200	8.80000E+00	1.00000E-01	4.97686E+01	7.40000E-01	2.82920E+00	
198802231200	6.90000E+00	2.40000E+00	1.05440E+02	4.70000E-01	3.39504E+00	
198802241200	5.00000E+00	1.20000E+00	6.13427E+01	5.80000E-01	3.08640E+00	
198802251200	4.80000E+00	2.00000E-01	8.34493E+01	5.70000E-01	1.69752E+00	
198802261200	6.70000E+00	-2.90000E+00	8.69215E+01	5.30000E-01	1.59464E+00	
198802271200	8.80000E+00	4.00000E-01	3.12501E+01	9.50000E-01	2.72632E+00	
198802281200	8.90000E+00	4.80000E+00	7.65048E+01	7.30000E-01	4.16664E+00	
198802291200	4.60000E+00	-4.00000E-01	5.32409E+01	4.80000E-01	4.21808E+00	
198803011200	5.70000E+00	-5.00000E-01	8.69215E+01	4.80000E-01	2.67488E+00	
198803021200	6.40000E+00	-3.00000E+00	8.22919E+01	5.40000E-01	4.01232E+00	
198803031200	8.50000E+00	9.00000E-01	6.03011E+01	8.00000E-01	1.69752E+00	
198803041200	4.90000E+00	-2.10000E+00	1.28588E+02	4.70000E-01	1.74896E+00	
198803051200	7.40000E+00	-3.10000E+00	9.96530E+01	4.40000E-01	3.34360E+00	
198803061200	9.30000E+00	1.60000E+00	4.05094E+01	8.70000E-01	3.75512E+00	
198803071200	7.50000E+00	4.30000E+00	5.32409E+01	6.50000E-01	1.38888E+00	
198803081200	1.02000E+01	4.20000E+00	4.97686E+01	8.90000E-01	1.23456E+00	
198803091200	1.25000E+01	4.10000E+00	8.69215E+01	8.70000E-01	2.10904E+00	
198803101200	9.70000E+00	2.80000E+00	5.90279E+01	7.70000E-01	2.72632E+00	
198803111200	9.90000E+00	4.30000E+00	3.81945E+01	8.10000E-01	4.01232E+00	
198803121200	7.20000E+00	4.40000E+00	3.12501E+01	8.20000E-01	1.54320E+00	
198803131200	8.70000E+00	1.60000E+00	6.94446E+01	8.50000E-01	2.98352E+00	
198803141200	9.80000E+00	1.00000E-01	4.62964E+01	6.80000E-01	3.49792E+00	
198803151200	1.07000E+01	2.10000E+00	4.05094E+01	1.02000E+00	5.81272E+00	
198803161200	8.80000E+00	4.90000E+00	5.20835E+01	8.40000E-01	2.00616E+00	
198803171200	8.80000E+00	2.30000E+00	1.28588E+02	6.30000E-01	1.64608E+00	
198803181200	1.13000E+01	2.50000E+00	1.10070E+02	6.60000E-01	4.11520E-01	
198803191200	1.30000E+01	4.40000E+00	3.81945E+01	1.20000E+00	3.65224E+00	
198803201200	1.36000E+01	7.90000E+00	1.07755E+02	1.03000E+00	1.64608E+00	
198803211200	1.17000E+01	7.50000E+00	8.57641E+01	1.04000E+00	1.38888E+00	
198803221200	1.19000E+01	1.30000E+00	9.02780E+01	9.70000E-01	4.06376E+00	
198803231200	1.06000E+01	5.90000E+00	1.10070E+02	8.40000E-01	4.42384E+00	
198803241200	1.07000E+01	5.90000E+00	7.29168E+01	6.30000E-01	4.73248E+00	
198803251200	1.10000E+01	4.30000E+00	1.36690E+02	7.70000E-01	5.34976E+00	
198803261200	1.01000E+01	4.70000E+00	1.01968E+02	7.60000E-01	4.68104E+00	
198803271200	1.14000E+01	5.70000E+00	1.37848E+02	7.10000E-01	2.98352E+00	
198803281200	1.21000E+01	3.80000E+00	1.18172E+02	9.00000E-01	3.13784E+00	
198803291200	1.07000E+01	4.30000E+00	1.65625E+02	7.50000E-01	1.02880E+00	
198803301200	1.04000E+01	-1.40000E+00	1.35533E+02	6.90000E-01	1.18312E+00	
198803311200	1.04000E+01	4.10000E+00	1.35533E+02	6.30000E-01	1.69752E+00	
198804011200	1.11000E+01	-2.00000E-01	1.40162E+02	7.10000E-01	3.03496E+00	
198804021200	1.19000E+01	5.80000E+00	8.80789E+01	9.30000E-01	1.18312E+00	
198804031200	1.45000E+01	5.50000E+00	1.10070E+02	1.01000E+00	2.67488E+00	
198804041200	7.40000E+00	4.30000E+00	4.97686E+01	8.50000E-01	4.47528E+00	
198804051200	6.40000E+00	4.10000E+00	5.20835E+01	7.00000E-01	3.39504E+00	
198804061200	7.40000E+00	3.90000E+00	7.29168E+01	6.90000E-01	3.34360E+00	
198804071200	1.19000E+01	3.20000E+00	1.84144E+02	7.80000E-01	3.34360E+00	
198804081200	9.60000E+00	7.10000E+00	4.97686E+01	9.10000E-01	3.08640E+00	
198804091200	9.70000E+00	4.00000E-01	1.15857E+02	6.50000E-01	2.36624E+00	
198804101200	1.16000E+01	2.00000E-01	1.74885E+02	6.60000E-01	2.82920E+00	
198804111200	1.26000E+01	1.00000E+00	1.14699E+02	8.70000E-01	1.13168E+00	
198804121200	1.21000E+01	2.50000E+00	1.62153E+02	9.10000E-01	3.24072E+00	
198804131200	9.50000E+00	0.00000E+00	1.82987E+02	5.70000E-01	3.24072E+00	
198804141200	1.11000E+01	-9.00000E-01	1.94561E+02	6.50000E-01	2.52056E+00	
198804151200	1.31000E+01	4.60000E+00	8.34493E+01	1.00000E+00	2.52056E+00	
198804161200	1.55000E+01	1.06000E+01	8.34493E+01	1.38000E+00	3.39504E+00	
198804171200	1.56000E+01	9.50000E+00	1.06598E+02	1.16000E+00	2.93208E+00	
198804181200	1.85000E+01	7.90000E+00	1.04283E+02	1.33000E+00	2.00616E+00	
198804191200	1.81000E+01	1.14000E+01	1.43635E+02	1.28000E+00	1.44032E+00	
198804201200	1.65000E+01	7.60000E+00	1.98033E+02	1.01000E+00	3.34360E+00	
198804211200	1.44000E+01	8.10000E+00	9.02780E+01	1.21000E+00	3.08640E+00	
198804221200	7.40000E+00	5.90000E+00	3.81945E+01	8.90000E-01	3.70368E+00	
198804231200	9.10000E+00	4.50000E+00	1.60996E+02	5.50000E-01	2.72632E+00	
198804241200	1.09000E+01	-2.40000E+00	2.74538E+02	5.50000E-01	1.54320E+00	
198804251200	1.13000E+01	-1.70000E+00	2.15510E+02	6.20000E-01	1.18312E+00	
198804261200	1.20000E+01	1.70000E+00	8.92363E+01	7.90000E-01	1.23456E+00	
198804271200	9.30000E+00	4.00000E+00	6.71298E+01	8.60000E-01	2.93208E+00	
198804281200	1.10000E+01	4.70000E+00	1.34375E+02	7.50000E-01	2.52056E+00	
198804291200	1.09000E+01	1.70000E+00	1.49422E+02	8.20000E-01	2.98352E+00	
198804301200	1.41000E+01	5.30000E+00	5.78705E+01	9.70000E-01	2.52056E+00	
198805011200	1.47000E+01	7.30000E+00	1.27431E+02	1.16000E+00	2.46912E+00	
198805021200	1.50000E+01	5.70000E+00	1.64468E+02	1.10000E+00	2.77776E+00	
198805031200	1.44000E+01	6.70000E+00	1.27431E+02	1.12000E+00	2.36624E+00	
198805041200	1.37000E+01	9.30000E+00	8.69215E+01	1.21000E+00	1.59464E+00	
198805051200	1.55000E+01	2.90000E+00	1.64468E+02	1.09000E+00	1.08024E+00	
198805061200	1.81000E+01	1.90000E+00	2.52547E+02	1.02000E+00	1.74896E+00	
198805071200	1.67000E+01	4.00000E+00	2.10880E+02	9.80000E-01	3.80656E+00	
198805081200	1.43000E+01	9.40000E+00	6.03011E+01	1.20000E+00	1.18312E+00	
198805091200	1.36000E+01	1.03000E+01	4.28242E+01	1.26000E+00	1.85184E+00	
198805101200	1.81000E+01	6.00000E+00	2.75695E+02	1.00000E+00	2.00616E+00	
198805111200	1.27000E+01	4.70000E+00	8.22919E+01	9.70000E-01	2.00616E+00	
198805121200	1.67000E+01	9.40000E+00	1.00810E+02	1.21000E+00	1.90328E+00	
198805131200	1.79000E+01	5.90000E+00	1.50579E+02	1.23000E+00	1.95472E+00	
198805141200	1.99000E+01	8.50000E+00	2.75695E+02	1.18000E+00	3.39504E+00	
198805151200	2.02000E+01	9.20000E+00	2.75695E+02	1.06000E+00	3.49792E+00	
198805161200	1.99000E+01	8.40000E+00	3.10417E+02	9.10000E-01	2.88064E+00	
198805171200	1.39000E+01	2.70000E+00	1.55209E+02	9.80000E-01	3.24072E+00	
198805181200	1.16000E+01	5.90000E+00	1.51736E+02	7.00000E-01	2.00616E+00	
198805191200	1.21000E+01	4.10000E+00	1.52894E+02	7.10000E-01	1.38888E+00	
198805201200	1.46000E+01	3.00000E+00	2.11922E+02	7.90000E-01	1.18312E+00	
198805211200	1.74000E+01	2.00000E+00	2.39815E+02	8.30000E-01	1.38888E+00	
198805221200	1.78000E+01	5.40000E+00	2.90741E+02	8.10000E-01	2.77776E+00	
198805231200	1.77000E+01	5.70000E+00	1.47107E+02	1.01000E+00	3.34360E+00	
198805241200	1.69000E+01	8.70000E+00	2.06135E+02	9.50000E-01	3.49792E+00	
198805251200	1.35000E+01	7.60000E+00	1.18172E+02	1.03000E+00	1.49176E+00	
198805261200	1.62000E+01	9.40000E+00	1.01968E+02	1.25000E+00	1.13168E+00	
198805271200	1.77000E+01	4.50000E+00	2.30556E+02	1.14000E+00	1.08024E+00	
198805281200	1.86000E+01	5.70000E+00	3.00001E+02	1.01000E+00	2.62344E+00	
198805291200	1.59000E+01	7.40000E+00	1.78357E+02	1.06000E+00	3.80656E+00	
198805301200	1.49000E+01	8.90000E+00	1.85301E+02	9.40000E-01	2.93208E+00	
198805311200	1.51000E+01	9.70000E+00	1.36690E+02	1.20000E+00	1.85184E+00	
198806011200	1.64000E+01	7.60000E+00	1.96875E+02	1.12000E+00	2.57200E+00	
198806021200	1.94000E+01	8.40000E+00	2.24653E+02	1.26000E+00	3.29216E+00	
198806031200	1.57000E+01	8.60000E+00	1.77200E+02	1.07000E+00	2.10904E+00	
198806041200	1.55000E+01	9.10000E+00	1.39005E+02	1.10000E+00	1.44032E+00	
198806051200	1.49000E+01	8.50000E+00	1.12385E+02	1.00000E+00	9.77360E-01	
198806061200	1.73000E+01	8.40000E+00	2.59491E+02	1.01000E+00	1.13168E+00	
198806071200	1.64000E+01	5.10000E+00	2.71065E+02	1.09000E+00	2.88064E+00	
198806081200	1.37000E+01	1.04000E+01	3.47223E+01	1.42000E+00	4.47528E+00	
198806091200	1.17000E+01	1.04000E+01	3.58797E+01	1.16000E+00	3.54936E+00	
198806101200	1.54000E+01	9.70000E+00	8.69215E+01	1.20000E+00	2.93208E+00	
198806111200	1.60000E+01	7.30000E+00	1.06598E+02	1.18000E+00	3.49792E+00	
198806121200	1.89000E+01	6.40000E+00	3.46297E+02	1.29000E+00	4.52672E+00	
198806131200	2.01000E+01	7.70000E+00	3.23149E+02	1.27000E+00	2.16048E+00	
198806141200	2.06000E+01	4.40000E+00	3.17362E+02	1.15000E+00	2.41768E+00	
198806151200	2.04000E+01	1.01000E+01	2.21297E+02	1.29000E+00	1.13168E+00	
198806161200	1.54000E+01	9.40000E+00	9.27085E+01	1.38000E+00	2.21192E+00	
198806171200	1.56000E+01	1.04000E+01	7.98613E+01	1.22000E+00	1.74896E+00	
198806181200	2.02000E+01	7.40000E+00	2.03820E+02	1.19000E+00	9.77360E-01	
198806191200	2.30000E+01	1.12000E+01	2.15510E+02	1.56000E+00	1.02880E+00	
198806201200	2.30000E+01	1.06000E+01	2.64121E+02	1.59000E+00	1.33744E+00	
198806211200	2.11000E+01	1.44000E+01	1.60996E+02	1.23000E+00	1.85184E+00	
198806221200	1.94000E+01	1.01000E+01	2.65278E+02	1.09000E+00	1.90328E+00	
198806231200	2.33000E+01	9.80000E+00	2.54862E+02	1.23000E+00	1.23456E+00	
198806241200	2.20000E+01	8.60000E+00	1.98033E+02	1.32000E+00	1.08024E+00	
198806251200	2.26000E+01	1.20000E+01	1.60996E+02	1.60000E+00	1.69752E+00	
198806261200	1.75000E+01	1.34000E+01	1.10070E+02	1.40000E+00	2.67488E+00	
198806271200	1.55000E+01	1.11000E+01	4.97686E+01	1.40000E+00	1.85184E+00	
198806281200	1.78000E+01	1.24000E+01	9.15511E+01	1.37000E+00	1.28600E+00	
198806291200	2.18000E+01	1.33000E+01	1.63311E+02	1.69000E+00	1.54320E+00	
198806301200	2.29000E+01	1.33000E+01	2.09723E+02	1.58000E+00	2.46912E+00	
198807011200	1.82000E+01	1.43000E+01	1.39005E+02	1.40000E+00	3.03496E+00	
198807021200	1.79000E+01	9.60000E+00	2.76852E+02	1.01000E+00	2.16048E+00	
198807031200	1.64000E+01	7.40000E+00	1.65625E+02	1.21000E+00	3.18928E+00	
198807041200	1.74000E+01	1.22000E+01	1.76042E+02	1.44000E+00	1.90328E+00	
198807051200	1.96000E+01	1.04000E+01	2.23496E+02	1.34000E+00	2.31480E+00	
198807061200	1.74000E+01	1.08000E+01	1.41320E+02	1.35000E+00	2.98352E+00	
198807071200	1.86000E+01	1.18000E+01	1.93403E+02	1.26000E+00	3.39504E+00	
198807081200	1.72000E+01	1.06000E+01	1.86459E+02	1.18000E+00	2.62344E+00	
198807091200	1.93000E+01	1.06000E+01	1.99306E+02	1.03000E+00	3.90944E+00	
198807101200	1.84000E+01	1.39000E+01	8.34493E+01	1.71000E+00	3.75512E+00	
198807111200	1.97000E+01	1.05000E+01	2.45602E+02	1.23000E+00	2.82920E+00	
198807121200	1.91000E+01	1.04000E+01	1.60996E+02	1.16000E+00	3.24072E+00	
198807131200	1.94000E+01	1.06000E+01	1.56366E+02	1.43000E+00	2.16048E+00	
198807141200	1.56000E+01	1.15000E+01	6.49307E+01	1.36000E+00	2.67488E+00	
198807151200	1.81000E+01	1.22000E+01	1.99306E+02	1.35000E+00	2.62344E+00	
198807161200	1.64000E+01	9.40000E+00	1.30903E+02	1.28000E+00	2.00616E+00	
198807171200	1.57000E+01	1.41000E+01	1.08912E+02	1.29000E+00	2.41768E+00	
198807181200	2.03000E+01	1.27000E+01	1.80672E+02	1.26000E+00	2.05760E+00	
198807191200	1.87000E+01	1.09000E+01	1.21644E+02	1.37000E+00	1.90328E+00	
198807201200	2.09000E+01	1.44000E+01	1.77200E+02	1.48000E+00	1.59464E+00	
198807211200	1.96000E+01	1.44000E+01	1.42477E+02	1.39000E+00	2.26336E+00	
198807221200	2.08000E+01	1.65000E+01	9.38659E+01	1.79000E+00	2.88064E+00	
198807231200	2.07000E+01	1.44000E+01	9.15511E+01	1.93000E+00	3.44648E+00	
198807241200	1.91000E+01	1.02000E+01	2.32871E+02	1.22000E+00	5.34976E+00	
198807251200	2.04000E+01	1.19000E+01	1.94561E+02	1.61000E+00	5.09256E+00	
198807261200	1.84000E+01	1.14000E+01	2.01505E+02	1.18000E+00	3.34360E+00	
198807271200	1.89000E+01	1.02000E+01	2.09723E+02	1.03000E+00	2.26336E+00	
198807281200	1.58000E+01	1.20000E+01	6.82872E+01	1.28000E+00	4.06376E+00	
198807291200	1.77000E+01	9.10000E+00	1.94561E+02	1.07000E+00	4.11520E+00	
198807301200	1.90000E+01	1.04000E+01	1.33218E+02	1.22000E+00	3.44648E+00	
198807311200	1.76000E+01	1.19000E+01	1.65625E+02	1.16000E+00	1.44032E+00	
198808011200	1.80000E+01	9.50000E+00	1.35533E+02	1.24000E+00	9.25920E-01	
198808021200	1.91000E+01	7.30000E+00	2.15510E+02	1.24000E+00	1.28600E+00	
198808031200	1.79000E+01	7.90000E+00	1.87616E+02	1.20000E+00	2.62344E+00	
198808041200	1.98000E+01	1.20000E+01	1.21644E+02	1.47000E+00	2.05760E+00	
198808051200	2.31000E+01	1.46000E+01	1.94561E+02	1.67000E+00	2.31480E+00	
198808061200	2.55000E+01	9.70000E+00	2.87269E+02	1.36000E+00	9.77360E-01	
198808071200	2.80000E+01	9.40000E+00	2.72223E+02	1.68000E+00	1.64608E+00	
198808081200	2.47000E+01	1.21000E+01	2.39815E+02	1.56000E+00	2.41768E+00	
198808091200	2.16000E+01	1.36000E+01	2.36343E+02	1.41000E+00	1.28600E+00	
198808101200	2.03000E+01	9.40000E+00	1.77200E+02	1.15000E+00	2.88064E+00	
198808111200	1.86000E+01	1.09000E+01	1.27431E+02	1.23000E+00	3.54936E+00	
198808121200	1.84000E+01	1.29000E+01	1.85301E+02	1.24000E+00	4.21808E+00	
198808131200	1.78000E+01	1.19000E+01	9.84956E+01	1.24000E+00	3.60080E+00	
198808141200	2.06000E+01	1.45000E+01	1.00810E+02	1.47000E+00	4.26952E+00	
198808151200	1.89000E+01	1.21000E+01	2.02663E+02	1.14000E+00	1.44032E+00	
198808161200	2.07000E+01	5.40000E+00	2.42130E+02	1.10000E+00	9.77360E-01	
198808171200	2.36000E+01	8.60000E+00	2.10880E+02	1.27000E+00	2.21192E+00	
198808181200	2.12000E+01	1.47000E+01	9.02780E+01	1.43000E+00	3.18928E+00	
198808191200	1.98000E+01	1.56000E+01	1.82987E+02	1.37000E+00	4.52672E+00	
198808201200	1.78000E+01	1.21000E+01	1.13542E+02	1.26000E+00	3.13784E+00	
198808211200	1.77000E+01	1.20000E+01	6.03011E+01	1.35000E+00	1.69752E+00	
198808221200	1.68000E+01	9.70000E+00	1.72570E+02	1.15000E+00	1.33744E+00	
198808231200	1.91000E+01	8.10000E+00	1.42477E+02	1.23000E+00	2.05760E+00	
198808241200	1.84000E+01	1.37000E+01	1.19329E+02	1.24000E+00	3.39504E+00	
198808251200	1.62000E+01	1.01000E+01	1.05440E+02	9.70000E-01	3.13784E+00	
198808261200	2.00000E+01	8.80000E+00	2.06135E+02	1.06000E+00	2.98352E+00	
198808271200	2.03000E+01	1.49000E+01	6.60881E+01	1.75000E+00	2.31480E+00	
198808281200	1.78000E+01	1.02000E+01	1.14699E+02	1.29000E+00	3.29216E+00	
198808291200	1.78000E+01	9.80000E+00	1.79514E+02	1.22000E+00	3.85800E+00	
198808301200	1.83000E+01	1.04000E+01	1.52894E+02	1.22000E+00	4.11520E+00	
198808311200	1.81000E+01	1.24000E+01	1.18172E+02	1.33000E+00	4.11520E+00	
198809011200	1.78000E+01	1.15000E+01	6.72455E+01	1.58000E+00	4.06376E+00	
198809021200	1.61000E+01	1.14000E+01	1.37037E+02	9.90000E-01	4.73248E+00	
198809031200	1.77000E+01	9.40000E+00	1.94098E+02	1.10000E+00	3.18928E+00	
198809041200	1.83000E+01	9.10000E+00	1.17130E+02	1.08000E+00	3.08640E+00	
198809051200	2.07000E+01	1.13000E+01	1.73612E+02	1.34000E+00	1.49176E+00	
198809061200	2.12000E+01	8.40000E+00	8.29863E+01	1.36000E+00	1.44032E+00	
198809071200	2.61000E+01	1.16000E+01	2.07176E+02	1.50000E+00	2.41768E+00	
198809081200	2.35000E+01	1.35000E+01	9.58335E+01	1.49000E+00	1.38888E+00	
198809091200	2.06000E+01	1.08000E+01	1.98264E+02	1.44000E+00	1.38888E+00	
198809101200	2.33000E+01	8.90000E+00	7.11807E+01	1.26000E+00	2.10904E+00	
198809111200	1.73000E+01	1.27000E+01	1.73843E+02	1.13000E+00	2.72632E+00	
198809121200	1.61000E+01	9.40000E+00	1.31598E+02	1.14000E+00	3.29216E+00	
198809131200	1.53000E+01	9.40000E+00	1.02431E+02	1.09000E+00	3.08640E+00	
198809141200	1.62000E+01	9.70000E+00	4.88427E+01	9.20000E-01	2.46912E+00	
198809151200	1.69000E+01	9.60000E+00	1.14236E+02	9.10000E-01	1.49176E+00	
198809161200	1.87000E+01	8.60000E+00	1.02199E+02	1.21000E+00	1.44032E+00	
198809171200	1.66000E+01	1.32000E+01	7.93983E+01	1.27000E+00	1.59464E+00	
198809181200	1.88000E+01	9.10000E+00	1.25579E+02	1.16000E+00	1.59464E+00	
198809191200	1.53000E+01	7.90000E+00	8.96993E+01	1.10000E+00	1.54320E+00	
198809201200	1.33000E+01	7.60000E+00	4.10881E+01	1.10000E+00	8.23040E-01	
198809211200	1.38000E+01	5.10000E+00	4.05094E+01	1.16000E+00	1.54320E+00	
198809221200	1.71000E+01	1.12000E+01	7.63891E+01	1.38000E+00	3.39504E+00	
198809231200	1.44000E+01	9.70000E+00	1.34723E+02	9.20000E-01	5.96704E+00	
198809241200	1.43000E+01	9.10000E+00	5.67131E+01	8.40000E-01	1.49176E+00	
198809251200	1.83000E+01	7.60000E+00	3.94677E+01	1.26000E+00	5.60696E+00	
198809261200	1.85000E+01	1.19000E+01	1.04167E+02	1.21000E+00	3.13784E+00	
198809271200	1.78000E+01	1.33000E+01	5.45140E+01	1.39000E+00	4.47528E+00	
198809281200	1.45000E+01	1.11000E+01	1.28936E+02	1.11000E+00	4.47528E+00	
198809291200	1.38000E+01	7.50000E+00	1.50695E+02	9.30000E-01	1.85184E+00	
198809301200	1.33000E+01	2.10000E+00	1.30903E+02	9.10000E-01	9.77360E-01	
198810011200	9.30000E+00	-3.40000E+00	1.19792E+02	5.40000E-01	4.11520E-01	
198810021200	1.52000E+01	3.00000E+00	1.21991E+02	7.60000E-01	2.67488E+00	
198810031200	1.61000E+01	6.80000E+00	1.42824E+02	9.50000E-01	1.08024E+00	
198810041200	1.51000E+01	2.40000E+00	6.44677E+01	9.50000E-01	1.02880E+00	
198810051200	1.55000E+01	2.90000E+00	3.26390E+01	1.11000E+00	3.03496E+00	
198810061200	1.49000E+01	9.00000E+00	7.07178E+01	1.17000E+00	3.65224E+00	
198810071200	1.33000E+01	1.09000E+01	1.10301E+02	8.90000E-01	6.53288E+00	
198810081200	1.23000E+01	8.20000E+00	1.00000E+02	8.50000E-01	5.86416E+00	
198810091200	1.41000E+01	6.10000E+00	4.91899E+01	8.40000E-01	5.09256E+00	
198810101200	1.38000E+01	8.60000E+00	4.52547E+01	1.08000E+00	2.46912E+00	
198810111200	1.06000E+01	4.90000E+00	3.80788E+01	9.00000E-01	1.13168E+00	
198810121200	1.32000E+01	8.00000E-01	7.90511E+01	8.90000E-01	4.26952E+00	
198810131200	1.39000E+01	7.90000E+00	6.00696E+01	1.13000E+00	1.80040E+00	
198810141200	1.42000E+01	6.90000E+00	7.47687E+01	1.09000E+00	1.33744E+00	
198810151200	1.66000E+01	2.60000E+00	2.74306E+01	9.90000E-01	2.62344E+00	
198810161200	1.31000E+01	6.90000E+00	2.68519E+01	1.26000E+00	2.52056E+00	
198810171200	1.28000E+01	1.14000E+01	2.63890E+01	1.29000E+00	2.21192E+00	
198810181200	1.33000E+01	1.08000E+01	2.59260E+01	1.13000E+00	2.77776E+00	
198810191200	1.61000E+01	1.14000E+01	2.54630E+01	1.43000E+00	2.93208E+00	
198810201200	1.88000E+01	1.26000E+01	9.29400E+01	1.60000E+00	1.74896E+00	
198810211200	1.50000E+01	1.24000E+01	3.03241E+01	1.44000E+00	1.69752E+00	
198810221200	1.49000E+01	7.60000E+00	6.48150E+01	1.24000E+00	6.68720E-01	
198810231200	1.54000E+01	1.00000E+01	3.39121E+01	1.29000E+00	1.49176E+00	
198810241200	1.34000E+01	1.03000E+01	2.50001E+01	1.24000E+00	1.28600E+00	
198810251200	1.53000E+01	9.30000E+00	6.93289E+01	1.31000E+00	1.28600E+00	
198810261200	1.63000E+01	8.60000E+00	3.04399E+01	1.47000E+00	3.60080E+00	
198810271200	1.67000E+01	1.32000E+01	2.18751E+01	1.30000E+00	3.39504E+00	
198810281200	1.49000E+01	1.16000E+01	5.13890E+01	1.28000E+00	3.80656E+00	
198810291200	1.17000E+01	9.10000E+00	6.79400E+01	1.01000E+00	9.77360E-01	
198810301200	7.70000E+00	8.00000E-01	9.52548E+01	5.90000E-01	3.08640E+00	
198810311200	8.30000E+00	-3.70000E+00	7.78937E+01	5.70000E-01	4.11520E-01	
198811011200	8.90000E+00	-4.90000E+00	6.50464E+01	5.60000E-01	1.02880E+00	
198811021200	9.90000E+00	-3.00000E-01	5.99538E+01	7.50000E-01	1.23456E+00	
198811031200	8.40000E+00	-3.50000E+00	6.72455E+01	4.70000E-01	1.64608E+00	
198811041200	7.20000E+00	-2.40000E+00	7.34955E+01	6.00000E-01	1.02880E+00	
198811051200	8.10000E+00	-4.00000E+00	2.55788E+01	4.60000E-01	4.11520E-01	
198811061200	7.80000E+00	1.10000E+00	1.80556E+01	8.10000E-01	7.20160E-01	
198811071200	1.11000E+01	9.00000E-01	3.24075E+01	7.90000E-01	1.90328E+00	
198811081200	1.39000E+01	3.10000E+00	1.81713E+01	8.30000E-01	2.93208E+00	
198811091200	1.51000E+01	5.30000E+00	1.70139E+01	1.39000E+00	3.18928E+00	
198811101200	1.53000E+01	1.14000E+01	1.89815E+01	1.30000E+00	3.29216E+00	
198811111200	1.18000E+01	4.30000E+00	6.43520E+01	9.20000E-01	8.23040E-01	
198811121200	9.90000E+00	4.20000E+00	2.77778E+01	8.90000E-01	1.69752E+00	
198811131200	1.05000E+01	3.20000E+00	6.62039E+01	7.90000E-01	1.85184E+00	
198811141200	1.02000E+01	4.60000E+00	4.32871E+01	9.10000E-01	1.02880E+00	
198811151200	5.10000E+00	-1.20000E+00	1.52778E+01	6.30000E-01	4.62960E-01	
198811161200	8.80000E+00	4.00000E-01	3.03241E+01	8.20000E-01	1.49176E+00	
198811171200	1.28000E+01	3.10000E+00	1.88658E+01	1.00000E+00	3.65224E+00	
198811181200	1.01000E+01	8.20000E+00	1.85186E+01	9.60000E-01	1.85184E+00	
198811191200	4.60000E+00	6.00000E-01	1.42361E+01	6.80000E-01	1.13168E+00	
198811201200	3.90000E+00	0.00000E+00	4.12038E+01	6.40000E-01	3.24072E+00	
198811211200	3.90000E+00	-2.00000E-01	4.72223E+01	5.20000E-01	1.28600E+00	
198811221200	3.80000E+00	-4.00000E+00	5.18520E+01	4.70000E-01	9.77360E-01	
198811231200	5.50000E+00	-4.50000E+00	4.54862E+01	4.80000E-01	7.20160E-01	
198811241200	7.70000E+00	-2.10000E+00	1.82871E+01	7.10000E-01	8.23040E-01	
198811251200	4.60000E+00	-2.00000E+00	1.29630E+01	6.10000E-01	1.54320E-01	
198811261200	5.70000E+00	-2.00000E-01	1.27315E+01	7.60000E-01	3.60080E-01	
198811271200	6.10000E+00	-4.60000E+00	2.85880E+01	5.00000E-01	2.98352E+00	
198811281200	1.06000E+01	-2.50000E+00	1.23843E+01	8.00000E-01	2.77776E+00	
198811291200	9.40000E+00	4.70000E+00	1.22686E+01	8.30000E-01	1.95472E+00	
198811301200	1.11000E+01	5.10000E+00	2.17593E+01	1.14000E+00	1.95472E+00	
198812011200	8.20000E+00	6.00000E-01	1.19213E+01	8.40000E-01	6.68720E-01	
198812021200	6.20000E+00	5.40000E+00	1.18056E+01	8.50000E-01	4.11520E+00	
198812031200	5.00000E+00	2.80000E+00	1.16898E+01	7.40000E-01	1.23456E+00	
198812041200	8.40000E+00	7.00000E-01	1.67824E+01	6.60000E-01	4.52672E+00	
198812051200	8.40000E+00	1.00000E+00	2.65047E+01	8.30000E-01	5.70984E+00	
198812061200	8.30000E+00	4.50000E+00	2.33797E+01	6.80000E-01	3.08640E+00	
198812071200	7.30000E+00	3.60000E+00	4.21297E+01	6.20000E-01	2.00616E+00	
198812081200	8.80000E+00	-1.50000E+00	3.55325E+01	5.60000E-01	1.85184E+00	
198812091200	1.07000E+01	-1.10000E+00	1.56250E+01	7.90000E-01	2.41768E+00	
198812101200	1.17000E+01	6.90000E+00	1.09954E+01	1.03000E+00	2.98352E+00	
198812111200	1.22000E+01	7.80000E+00	2.44214E+01	1.05000E+00	2.88064E+00	
198812121200	1.12000E+01	8.40000E+00	1.86343E+01	8.40000E-01	3.96088E+00	
198812131200	1.00000E+01	6.40000E+00	3.80788E+01	8.20000E-01	1.18312E+00	
198812141200	1.18000E+01	9.00000E-01	1.41204E+01	1.12000E+00	1.13168E+00	
198812151200	9.40000E+00	3.50000E+00	1.63195E+01	8.40000E-01	5.65840E-01	
198812161200	7.70000E+00	4.90000E+00	1.06482E+01	9.30000E-01	1.13168E+00	
198812171200	7.30000E+00	4.00000E+00	1.06482E+01	8.70000E-01	1.28600E+00	
198812181200	7.30000E+00	1.40000E+00	1.40047E+01	7.70000E-01	2.52056E+00	
198812191200	1.19000E+01	3.60000E+00	1.18056E+01	9.20000E-01	6.22424E+00	
198812201200	8.90000E+00	6.60000E+00	3.21760E+01	8.30000E-01	3.13784E+00	
198812211200	1.13000E+01	2.40000E+00	1.12269E+01	7.80000E-01	2.98352E+00	
198812221200	1.17000E+01	5.00000E+00	1.06482E+01	1.18000E+00	5.45264E+00	
198812231200	1.21000E+01	9.40000E+00	1.06482E+01	1.08000E+00	4.78392E+00	
198812241200	1.23000E+01	8.90000E+00	2.12963E+01	1.08000E+00	5.34976E+00	
198812251200	1.11000E+01	7.00000E+00	1.07639E+01	8.20000E-01	2.26336E+00	
198812261200	1.24000E+01	6.50000E+00	1.30787E+01	1.19000E+00	3.65224E+00	
198812271200	1.40000E+01	9.40000E+00	1.42361E+01	1.17000E+00	5.19544E+00	
198812281200	1.17000E+01	6.40000E+00	3.72686E+01	8.60000E-01	3.24072E+00	
198812291200	1.24000E+01	6.30000E+00	2.06019E+01	1.16000E+00	2.98352E+00	
198812301200	8.80000E+00	4.10000E+00	1.11111E+01	8.60000E-01	2.41768E+00	
198812311200	1.01000E+01	4.90000E+00	3.17130E+01	8.80000E-01	1.28600E+00	
